<?xml version="1.0" encoding="UTF-8" standalone="no"?>
<!DOCTYPE svg PUBLIC "-//W3C//DTD SVG 20010904//EN"
              "http://www.w3.org/TR/2001/REC-SVG-20010904/DTD/svg10.dtd">

<svg xmlns="http://www.w3.org/2000/svg"
     width="8.88889in" height="8.88889in"
     viewBox="0 0 800 800">
  <path id="Imported Path"
        fill="none" stroke="black" stroke-width="1"
        d="M 533.33,150.00
           C 533.33,122.39 555.72,100.00 583.33,100.00
             583.33,100.00 650.00,100.00 650.00,100.00
             677.62,100.00 700.00,122.39 700.00,150.00
             700.00,150.00 700.00,650.00 700.00,650.00
             700.00,677.62 677.62,700.00 650.00,700.00
             650.00,700.00 583.33,700.00 583.33,700.00
             555.72,700.00 533.33,677.62 533.33,650.00
             533.33,650.00 533.33,150.00 533.33,150.00 Z
           M 583.33,133.33
           C 574.13,133.33 566.67,140.80 566.67,150.00
             566.67,150.00 566.67,650.00 566.67,650.00
             566.67,659.21 574.13,666.67 583.33,666.67
             583.33,666.67 650.00,666.67 650.00,666.67
             659.21,666.67 666.67,659.21 666.67,650.00
             666.67,650.00 666.67,150.00 666.67,150.00
             666.67,140.80 659.21,133.33 650.00,133.33
             650.00,133.33 583.33,133.33 583.33,133.33 Z
           M 100.00,550.00
           C 100.00,522.38 122.39,500.00 150.00,500.00
             150.00,500.00 216.67,500.00 216.67,500.00
             244.28,500.00 266.67,522.38 266.67,550.00
             266.67,550.00 266.67,650.00 266.67,650.00
             266.67,677.62 244.28,700.00 216.67,700.00
             216.67,700.00 150.00,700.00 150.00,700.00
             122.39,700.00 100.00,677.62 100.00,650.00
             100.00,650.00 100.00,550.00 100.00,550.00 Z
           M 316.67,350.00
           C 316.67,322.38 339.05,300.00 366.67,300.00
             366.67,300.00 433.33,300.00 433.33,300.00
             460.95,300.00 483.33,322.38 483.33,350.00
             483.33,350.00 483.33,650.00 483.33,650.00
             483.33,677.62 460.95,700.00 433.33,700.00
             433.33,700.00 366.67,700.00 366.67,700.00
             339.05,700.00 316.67,677.62 316.67,650.00
             316.67,650.00 316.67,350.00 316.67,350.00 Z
           M 366.67,333.33
           C 357.46,333.33 350.00,340.79 350.00,350.00
             350.00,350.00 350.00,650.00 350.00,650.00
             350.00,659.21 357.46,666.67 366.67,666.67
             366.67,666.67 433.33,666.67 433.33,666.67
             442.54,666.67 450.00,659.21 450.00,650.00
             450.00,650.00 450.00,350.00 450.00,350.00
             450.00,340.79 442.54,333.33 433.33,333.33
             433.33,333.33 366.67,333.33 366.67,333.33 Z" />
</svg>
